0	0	0
1	-2.55E-04	-9.10E+00
2	-2.55E-04	-9.10E+00
4	-2.55E-04	-9.10E+00
6	-2.55E-04	-9.09E+00
8	-2.55E-04	-9.08E+00
10	-2.54E-04	-9.07E+00
12	-2.54E-04	-9.05E+00
14	-2.53E-04	-9.02E+00
16	-2.52E-04	-8.99E+00
18	-2.51E-04	-8.96E+00
20	-2.51E-04	-8.94E+00
22	-2.51E-04	-8.93E+00
24	-2.51E-04	-8.94E+00
26	-2.52E-04	-8.98E+00
28	-2.54E-04	-9.03E+00
30	-2.56E-04	-9.11E+00
32	-2.57E-04	-9.17E+00
34	-2.58E-04	-9.22E+00
36	-2.58E-04	-9.22E+00
38	-2.57E-04	-9.20E+00
40	-2.55E-04	-9.14E+00
42	-2.52E-04	-9.04E+00
44	-2.49E-04	-8.92E+00
46	-2.45E-04	-8.78E+00
48	-2.42E-04	-8.64E+00
50	-2.39E-04	-8.52E+00
52	-2.36E-04	-8.38E+00
54	-2.35E-04	-8.28E+00
56	-2.34E-04	-8.23E+00
58	-2.34E-04	-8.23E+00
60	-2.34E-04	-8.22E+00
62	-2.30E-04	-8.09E+00
64	-2.21E-04	-7.77E+00
66	-2.08E-04	-7.30E+00
68	-1.92E-04	-6.68E+00
70	-1.73E-04	-5.93E+00
72	-1.53E-04	-5.13E+00
74	-1.34E-04	-4.33E+00
76	-1.18E-04	-3.60E+00
77	-1.17E-04	-3.58E+00
102	-1.09E-04	-3.21E+00
127	-1.02E-04	-2.86E+00
152	-1.00E-04	-2.63E+00
177	-1.04E-04	-2.62E+00
202	-1.15E-04	-2.92E+00
227	-1.32E-04	-3.46E+00
252	-1.52E-04	-4.12E+00
277	-1.68E-04	-4.76E+00
302	-1.79E-04	-5.24E+00
327	-1.85E-04	-5.57E+00
352	-1.86E-04	-5.77E+00
377	-1.84E-04	-5.85E+00
402	-1.79E-04	-5.82E+00
427	-1.72E-04	-5.67E+00
452	-1.64E-04	-5.45E+00
477	-1.55E-04	-5.14E+00
502	-1.45E-04	-4.69E+00
527	-1.29E-04	-4.04E+00
552	-1.08E-04	-3.25E+00
577	-8.92E-05	-2.52E+00
602	-7.67E-05	-2.04E+00
627	-7.14E-05	-1.84E+00
652	-7.31E-05	-1.92E+00
677	-8.31E-05	-2.28E+00
702	-9.94E-05	-2.85E+00
727	-1.23E-04	-3.68E+00
752	-1.54E-04	-4.77E+00
777	-1.89E-04	-6.02E+00
802	-2.26E-04	-7.43E+00
827	-2.63E-04	-8.89E+00
852	-2.98E-04	-1.04E+01
877	-3.37E-04	-1.20E+01
902	-3.91E-04	-1.38E+01
927	-4.63E-04	-1.59E+01
952	-5.48E-04	-1.83E+01
977	-6.23E-04	-2.05E+01
1002	-6.75E-04	-2.21E+01
1027	-6.87E-04	-2.26E+01
1052	-6.63E-04	-2.21E+01
1077	-6.12E-04	-2.04E+01
1102	-5.53E-04	-1.83E+01
1127	-4.96E-04	-1.62E+01
1152	-4.41E-04	-1.41E+01
1177	-3.91E-04	-1.22E+01
1202	-3.45E-04	-1.03E+01
1227	-3.07E-04	-8.64E+00
1252	-2.76E-04	-7.14E+00
1277	-2.52E-04	-5.78E+00
1302	-2.41E-04	-4.86E+00
1327	-2.41E-04	-4.45E+00
1352	-2.44E-04	-4.33E+00
1377	-2.45E-04	-4.30E+00
1402	-2.44E-04	-4.30E+00
1427	-2.44E-04	-4.38E+00
1452	-2.48E-04	-4.62E+00
1477	-2.59E-04	-5.09E+00
1502	-2.76E-04	-5.77E+00
1527	-2.98E-04	-6.63E+00
1552	-3.23E-04	-7.58E+00
1577	-3.43E-04	-8.36E+00
1602	-3.63E-04	-9.14E+00
1627	-3.87E-04	-1.00E+01
1652	-4.15E-04	-1.10E+01
1677	-4.48E-04	-1.22E+01
1702	-4.82E-04	-1.33E+01
1727	-5.15E-04	-1.45E+01
1752	-5.46E-04	-1.56E+01
1777	-5.79E-04	-1.68E+01
1802	-6.17E-04	-1.83E+01
1827	-6.62E-04	-2.03E+01
1852	-7.07E-04	-2.23E+01
1877	-7.48E-04	-2.36E+01
1902	-7.87E-04	-2.48E+01
1927	-8.22E-04	-2.59E+01
1952	-8.54E-04	-2.69E+01
1977	-8.87E-04	-2.77E+01
2002	-9.95E-04	-2.99E+01
2027	-1.08E-03	-3.14E+01
2052	-1.17E-03	-3.29E+01
2077	-1.26E-03	-3.45E+01
2102	-1.34E-03	-3.59E+01
2127	-1.41E-03	-3.68E+01
2152	-1.43E-03	-3.71E+01
2177	-1.42E-03	-3.68E+01
2202	-1.38E-03	-3.57E+01
2227	-1.30E-03	-3.31E+01
2252	-1.22E-03	-3.01E+01
2277	-1.17E-03	-2.81E+01
2302	-1.10E-03	-2.56E+01
2327	-1.02E-03	-2.26E+01
2352	-9.31E-04	-1.91E+01
2377	-8.33E-04	-1.51E+01
2402	-7.32E-04	-1.11E+01
2427	-6.38E-04	-7.11E+00
2452	-5.61E-04	-3.71E+00
2477	-5.07E-04	-1.16E+00
2502	-4.83E-04	3.39E-01
2527	-4.84E-04	8.49E-01
2552	-5.05E-04	6.31E-01
2577	-5.36E-04	-1.72E-02
2602	-5.69E-04	-8.96E-01
2627	-6.00E-04	-1.84E+00
2652	-6.22E-04	-2.66E+00
2677	-6.35E-04	-3.24E+00
2702	-6.49E-04	-4.00E+00
2727	-6.63E-04	-4.79E+00
2752	-6.68E-04	-5.23E+00
2777	-6.71E-04	-5.58E+00
2802	-6.75E-04	-5.91E+00
2827	-6.81E-04	-6.28E+00
2852	-6.92E-04	-6.75E+00
2877	-7.08E-04	-7.34E+00
2902	-7.28E-04	-8.03E+00
2927	-7.48E-04	-8.73E+00
2952	-7.65E-04	-9.33E+00
2977	-7.74E-04	-9.73E+00
3002	-7.76E-04	-9.89E+00
3027	-7.71E-04	-9.78E+00
3052	-7.58E-04	-9.43E+00
3077	-7.40E-04	-8.85E+00
3102	-7.18E-04	-8.06E+00
3127	-6.93E-04	-7.13E+00
3152	-6.70E-04	-6.18E+00
3177	-6.49E-04	-5.26E+00
3202	-6.30E-04	-4.34E+00
3227	-6.11E-04	-3.38E+00
3252	-5.91E-04	-2.41E+00
3277	-5.69E-04	-1.42E+00
3302	-5.45E-04	-4.48E-01
3327	-5.19E-04	5.44E-01
3352	-4.88E-04	1.61E+00
3377	-4.54E-04	2.68E+00
3402	-4.12E-04	2.35E-02
3427	-3.69E-04	8.46E-02
3452	-3.23E-04	1.55E-01
3477	-2.61E-04	2.36E-01
3502	-2.04E-04	2.16E-01
3527	-1.74E-04	2.27E-01
3552	-1.12E-04	2.84E-01
3577	-2.66E-05	3.19E-01
3602	4.37E-05	3.38E-01
3627	4.03E-05	3.38E-01
3652	-2.62E-05	3.38E-01
3677	-1.23E-04	3.30E-01
3702	-2.20E-04	3.04E-01
3727	-3.03E-04	2.50E-01
3752	-3.59E-04	1.80E-01
3777	-4.08E-04	1.24E-01
3802	-4.59E-04	2.17E-02
3827	-4.82E-04	-6.65E-02
3852	-4.91E-04	-7.73E-01
3877	-4.93E-04	-1.28E+00
3902	-4.90E-04	-1.49E+00
3927	-4.84E-04	-1.46E+00
3952	-4.75E-04	-1.18E+00
3977	-4.67E-04	-8.31E-01
4002	-4.62E-04	-5.05E-01
4027	-4.73E-04	-5.84E-01
4052	-5.05E-04	-1.42E+00
4077	-5.67E-04	-3.23E+00
4102	-6.50E-04	-5.90E+00
4127	-7.50E-04	-9.36E+00
4152	-8.62E-04	-1.34E+01
4177	-9.84E-04	-1.79E+01
4202	-1.12E-03	-2.30E+01
4227	-1.27E-03	-2.89E+01
4252	-1.44E-03	-3.53E+01
4277	-1.64E-03	-3.97E+01
4302	-1.88E-03	-4.11E+01
4327	-2.19E-03	-3.88E+01
4352	-2.65E-03	-3.44E+01
4377	-3.51E-03	-2.42E+01
4402	-6.30E-03	0
