0	0	0
1	-2.55E-04	-5.11E+01
2	-2.55E-04	-5.11E+01
4	-2.55E-04	-5.11E+01
6	-2.55E-04	-5.10E+01
8	-2.55E-04	-5.10E+01
10	-2.54E-04	-5.09E+01
12	-2.54E-04	-5.07E+01
14	-2.53E-04	-5.06E+01
16	-2.52E-04	-5.04E+01
18	-2.51E-04	-5.03E+01
20	-2.51E-04	-5.02E+01
22	-2.51E-04	-5.01E+01
24	-2.51E-04	-5.03E+01
26	-2.53E-04	-5.05E+01
28	-2.54E-04	-5.09E+01
30	-2.56E-04	-5.13E+01
32	-2.58E-04	-5.16E+01
34	-2.59E-04	-5.18E+01
36	-2.59E-04	-5.18E+01
38	-2.58E-04	-5.15E+01
40	-2.55E-04	-5.11E+01
42	-2.52E-04	-5.05E+01
44	-2.49E-04	-4.97E+01
46	-2.44E-04	-4.89E+01
48	-2.41E-04	-4.81E+01
50	-2.38E-04	-4.75E+01
52	-2.34E-04	-4.69E+01
54	-2.32E-04	-4.64E+01
56	-2.31E-04	-4.62E+01
58	-2.31E-04	-4.63E+01
60	-2.31E-04	-4.62E+01
62	-2.26E-04	-4.53E+01
64	-2.16E-04	-4.33E+01
66	-2.02E-04	-4.05E+01
68	-1.84E-04	-3.69E+01
70	-1.63E-04	-3.27E+01
72	-1.42E-04	-2.85E+01
74	-1.22E-04	-2.43E+01
76	-1.04E-04	-2.07E+01
77	-1.03E-04	-2.06E+01
102	-9.46E-05	-1.89E+01
127	-8.71E-05	-1.74E+01
152	-8.51E-05	-1.70E+01
177	-8.93E-05	-1.79E+01
202	-1.02E-04	-2.05E+01
227	-1.22E-04	-2.44E+01
252	-1.43E-04	-2.87E+01
277	-1.62E-04	-3.25E+01
302	-1.75E-04	-3.50E+01
327	-1.82E-04	-3.63E+01
352	-1.83E-04	-3.67E+01
377	-1.81E-04	-3.62E+01
402	-1.76E-04	-3.51E+01
427	-1.68E-04	-3.35E+01
452	-1.59E-04	-3.19E+01
477	-1.50E-04	-3.00E+01
502	-1.38E-04	-2.76E+01
527	-1.21E-04	-2.41E+01
552	-9.85E-05	-1.97E+01
577	-7.79E-05	-1.56E+01
602	-6.49E-05	-1.30E+01
627	-6.00E-05	-1.20E+01
652	-6.30E-05	-1.26E+01
677	-7.49E-05	-1.50E+01
702	-9.36E-05	-1.87E+01
727	-1.20E-04	-2.41E+01
752	-1.55E-04	-3.10E+01
777	-1.93E-04	-3.86E+01
802	-2.33E-04	-4.67E+01
827	-2.73E-04	-5.46E+01
852	-3.12E-04	-6.23E+01
877	-3.54E-04	-7.09E+01
902	-4.15E-04	-8.29E+01
927	-4.94E-04	-9.88E+01
952	-5.88E-04	-1.18E+02
977	-6.70E-04	-1.34E+02
1002	-7.26E-04	-1.45E+02
1027	-7.38E-04	-1.48E+02
1052	-7.09E-04	-1.42E+02
1077	-6.50E-04	-1.30E+02
1102	-5.84E-04	-1.17E+02
1127	-5.19E-04	-1.04E+02
1152	-4.59E-04	-9.18E+01
1177	-4.03E-04	-8.07E+01
1202	-3.53E-04	-7.05E+01
1227	-3.11E-04	-6.21E+01
1252	-2.76E-04	-5.52E+01
1277	-2.50E-04	-5.00E+01
1302	-2.38E-04	-4.75E+01
1327	-2.37E-04	-4.74E+01
1352	-2.40E-04	-4.80E+01
1377	-2.41E-04	-4.82E+01
1402	-2.40E-04	-4.79E+01
1427	-2.40E-04	-4.79E+01
1452	-2.44E-04	-4.89E+01
1477	-2.57E-04	-5.14E+01
1502	-2.77E-04	-5.54E+01
1527	-3.02E-04	-6.04E+01
1552	-3.30E-04	-6.60E+01
1577	-3.52E-04	-7.04E+01
1602	-3.75E-04	-7.50E+01
1627	-4.02E-04	-8.03E+01
1652	-4.33E-04	-8.65E+01
1677	-4.68E-04	-9.36E+01
1702	-5.05E-04	-1.01E+02
1727	-5.40E-04	-1.08E+02
1752	-5.74E-04	-1.15E+02
1777	-6.08E-04	-1.22E+02
1802	-6.49E-04	-1.30E+02
1827	-6.97E-04	-1.39E+02
1852	-7.45E-04	-1.49E+02
1877	-7.89E-04	-1.58E+02
1902	-8.31E-04	-1.66E+02
1927	-8.68E-04	-1.74E+02
1952	-9.03E-04	-1.81E+02
1977	-9.38E-04	-1.88E+02
2002	-1.06E-03	-2.12E+02
2027	-1.16E-03	-2.31E+02
2052	-1.25E-03	-2.50E+02
2077	-1.35E-03	-2.70E+02
2102	-1.43E-03	-2.86E+02
2127	-1.51E-03	-3.02E+02
2152	-1.53E-03	-3.06E+02
2177	-1.52E-03	-3.03E+02
2202	-1.47E-03	-2.95E+02
2227	-1.39E-03	-2.78E+02
2252	-1.30E-03	-2.60E+02
2277	-1.24E-03	-2.48E+02
2302	-1.16E-03	-2.33E+02
2327	-1.07E-03	-2.15E+02
2352	-9.72E-04	-1.95E+02
2377	-8.63E-04	-1.73E+02
2402	-7.51E-04	-1.50E+02
2427	-6.47E-04	-1.29E+02
2452	-5.60E-04	-1.12E+02
2477	-4.99E-04	-9.98E+01
2502	-4.70E-04	-9.39E+01
2527	-4.70E-04	-9.39E+01
2552	-4.91E-04	-9.83E+01
2577	-5.24E-04	-1.05E+02
2602	-5.61E-04	-1.12E+02
2627	-5.94E-04	-1.19E+02
2652	-6.18E-04	-1.24E+02
2677	-6.32E-04	-1.26E+02
2702	-6.48E-04	-1.30E+02
2727	-6.64E-04	-1.33E+02
2752	-6.70E-04	-1.34E+02
2777	-6.74E-04	-1.35E+02
2802	-6.78E-04	-1.36E+02
2827	-6.86E-04	-1.37E+02
2852	-6.99E-04	-1.40E+02
2877	-7.17E-04	-1.43E+02
2902	-7.40E-04	-1.48E+02
2927	-7.61E-04	-1.52E+02
2952	-7.79E-04	-1.56E+02
2977	-7.90E-04	-1.58E+02
3002	-7.92E-04	-1.58E+02
3027	-7.85E-04	-1.57E+02
3052	-7.71E-04	-1.54E+02
3077	-7.51E-04	-1.50E+02
3102	-7.26E-04	-1.45E+02
3127	-6.99E-04	-1.40E+02
3152	-6.74E-04	-1.35E+02
3177	-6.51E-04	-1.30E+02
3202	-6.30E-04	-1.26E+02
3227	-6.09E-04	-1.22E+02
3252	-5.86E-04	-1.17E+02
3277	-5.61E-04	-1.12E+02
3302	-5.35E-04	-1.07E+02
3327	-5.05E-04	-1.01E+02
3352	-4.70E-04	-9.40E+01
3377	-4.32E-04	-8.64E+01
3402	-3.85E-04	-7.70E+01
3427	-3.36E-04	-6.72E+01
3452	-2.83E-04	-5.67E+01
3477	-2.13E-04	-4.26E+01
3502	-1.52E-04	-3.04E+01
3527	-1.24E-04	-2.48E+01
3552	-5.73E-05	-1.15E+01
3577	3.75E-05	7.49E+00
3602	1.15E-04	2.30E+01
3627	1.09E-04	2.19E+01
3652	3.54E-05	7.08E+00
3677	-7.16E-05	-1.43E+01
3702	-1.78E-04	-3.56E+01
3727	-2.70E-04	-5.40E+01
3752	-3.30E-04	-6.61E+01
3777	-3.83E-04	-7.67E+01
3802	-4.40E-04	-8.80E+01
3827	-4.66E-04	-9.32E+01
3852	-4.76E-04	-9.51E+01
3877	-4.77E-04	-9.53E+01
3902	-4.73E-04	-9.47E+01
3927	-4.68E-04	-9.35E+01
3952	-4.58E-04	-9.16E+01
3977	-4.49E-04	-8.98E+01
4002	-4.44E-04	-8.88E+01
4027	-4.55E-04	-9.11E+01
4052	-4.90E-04	-9.79E+01
4077	-5.58E-04	-1.12E+02
4102	-6.49E-04	-1.30E+02
4127	-7.59E-04	-1.52E+02
4152	-8.82E-04	-1.76E+02
4177	-1.02E-03	-2.03E+02
4202	-1.17E-03	-2.34E+02
4227	-1.34E-03	-2.68E+02
4252	-1.52E-03	-3.04E+02
4277	-1.76E-03	-3.51E+02
4302	-2.02E-03	-4.00E+02
4327	-2.38E-03	-4.00E+02
4352	-2.90E-03	-4.00E+02
4377	-3.88E-03	-4.00E+02
4402	-6.93E-03	-4.00E+02
4427	-1.46E-02	-4.03E+02
4452	-2.47E-02	-4.22E+02
4477	-3.61E-02	-4.41E+02
4502	-5.35E-02	-4.62E+02
4527	-7.27E-02	-4.76E+02
4552	-9.06E-02	-4.80E+02
4577	-1.06E-01	-4.76E+02
4602	-1.21E-01	-4.67E+02
4627	-0.135	-4.52E+02
4652	-0.14985	-4.30E+02
4677	-0.16527	-4.01E+02
4702	-0.18127	-3.64E+02
4727	-0.19725	-3.20E+02
1	-0.2	0.00E+00